0.2379768
0.22065945
0.28729036
0.4350458
0.2610008
0.2810123
0.38303316
0.2375448
0.40070352
0.48288512
0.24856001
0.20596124
0.25817126
0.34907922
0.44685823
0.21152586
0.40378878
0.37869114
0.45195785
0.23084825
0.2057094
0.21519811
0.34423566
0.37896174
0.18651317
0.2849584
0.3465052
0.3644483
0.37689355
0.37217999
0.2423735
0.40420312
0.3590332
0.26756883
0.4844219
0.44358438
0.36460763
0.5683749
0.4065264
0.28497362
0.6041844
0.21343455
0.31783354
0.50702846
0.5731084
0.33138907
0.48836207
0.3981163
0.44937208
0.48650816
0.52112955
0.287969
0.20302701
0.5753424
0.55952024
0.47139043
0.39262587
0.3885248
0.7310376
0.5216282
0.31197923
0.36195868
0.5375114
0.6522384
0.5163074
0.34955245
0.42795122
0.5119562
0.5984529
0.39986575
0.6042187
0.28103185
0.47825068
0.36489454
0.5613354
0.5736289
0.64831424
0.460599
0.62887
0.5355644
0.51627755
0.5545514
0.47713783
0.6170112
0.3040155
0.70034575
0.4074497
0.7431094
0.45445073
0.536873
0.57290846
0.34819573
0.45215997
0.23449129
0.53397965
0.62019783
0.4773808
0.6139574
0.64850765
0.71000445
0.590981
0.7356116
0.75734305
0.3636168
0.50120085
0.29318696
0.7631424
0.6081104
0.26504916
0.5550764
0.57215136
0.5776461
0.740594
0.50674313
0.39547908
0.5699453
0.62105644
0.65592253
0.34347382
0.45227423
0.39967692
0.4904201
0.5153991
0.45020616
0.5425713
0.47123313
0.3688701
0.7311734
0.46570128
0.2688222
0.66382444
0.59430355
0.5498655
0.50736105
0.5711095
0.43449622
0.62019455
0.6982659
0.378702
0.616588
0.46188277
0.6611329
0.48079282
0.57061625
0.45142367
0.6462143
0.4846595
0.63885355
0.60603315
0.64360684
0.5761284
0.7498938
0.567765
0.45336863
0.6606154
0.4461075
0.46152443
0.56606853
0.6227627
0.59315395
0.446325
0.2762059
0.48889446
0.470756
0.7666283
0.5196788
0.44302925
0.7029848
0.66798055
0.5481127
0.60993814
0.60572565
0.47587013
0.6180173
0.5791947
0.6169213
0.44284686
0.5949876
0.5316334
0.6509236
0.41440183
0.41595683
0.5496122
0.5839212
0.5220059
0.38464805
0.49162972
0.7762064
0.74497175
0.69359446
0.4685787
0.6250657
0.65749675
0.6182352
0.7687659
0.7247164
0.51565814
0.6169726
0.50315
0.54636025
0.67780983
0.49707717
0.6214707
0.6299095
0.6057161
0.6650857
0.6339842
0.5160817
0.5858779
0.6395852
0.61298966
0.42579082
0.46049112
0.73682034
0.74680865
0.5129193
0.58685106
0.42902416
0.6241616
0.6498908
0.6069691
0.7667712
0.641611
0.6349928
0.6676159
0.6388433
0.74263227
0.41225737
0.7878419
0.81128097
0.5583714
0.625045
0.39006698
0.61655605
0.7418755
0.6323316
0.53344727
0.5714726
0.57465065
0.6569124
0.54248655
0.80676293
0.6824008
0.69584084
0.6530769
0.5909615
0.7747079
0.43265265
0.64508796
0.6546401
0.6707227
0.6006365
0.5386685
0.42959225
0.48318285
0.67721975
0.6541445
0.5681967
0.8219929
0.5741876
0.6036364
0.5832237
0.6487545
0.64227796
0.5821378
0.47226986
0.26591775
0.6497463
0.58928955
0.7801967
0.84238875
0.573161
0.7818859
0.764668
0.45335257
0.76129407
0.6577451
0.51271164
0.53591967
0.77299
0.6631476
0.60938495
0.6474501
0.55465996
0.79856074
0.69648004
0.6545659
0.5012759
0.6585592
0.8309008
0.68845606
0.456711
0.70316505
0.79130656
0.70001495
0.63184845
0.76314384
0.77533644
0.5965011
0.6129447
0.85079455
0.7128236
0.59576285
0.57427466
0.47419614
0.6307046
0.58017576
0.7597897
0.47104818
0.68292403
0.66587585
0.58268297
0.4653641
0.62353384
0.714372
0.5546642
0.6899337
0.7527108
0.6910491
0.3765153
0.6855802
0.71788037
0.7993734
0.74874985
0.6491492
0.6378944
0.6463827
0.60324216
0.8278597
0.63413996
0.59477365
0.49083012
0.7061043
0.5613167
0.6474789
0.77829576
0.61897385
0.49910787
0.59119725
0.67275655
0.5997605
0.7891158
0.598132
0.81278896
0.7675923
0.6217752
0.6611948
0.6642349
0.82110196
0.75051165
0.74175453
0.74284554
0.85138375
0.7164446
0.7107271
0.6498252
0.68308246
0.71589696
0.5762969
0.6539189
0.49324453
0.5780346
0.590743
0.720451
0.67256916
0.59971595
0.77673745
0.6983266
0.5064989
0.722672
0.7202668
0.67290366
0.57243466
0.5427431
0.7586036
0.46532023
0.70612746
0.55206156
0.7206738
0.6414756
0.84377855
0.45317584
0.70398235
0.5809142
0.6925717
0.66948485
0.8091005
0.40980017
0.68036103
0.69149554
0.7130368
0.7499285
0.7679676
0.77264684
0.54774374
0.67341775
0.53204083
0.79718745
0.82334864
0.48205298
0.73498535
0.8447533
0.46309927
0.69616854
0.67100585
0.6578074
0.7075383
0.60453796
0.7749133
0.7493768
0.6048856
0.80633354
0.808753
0.6374575
0.7087682
0.42022413
0.731704
0.41008407
0.79276335
0.52655375
0.4846127
0.7078672
0.57841694
0.51264864
0.68432975
0.7733158
0.8654721
0.4632104
0.6971004
0.46914682
0.8227746
0.684189
0.39691716
0.5773514
0.57277787
0.4524719
0.7513765
0.745708
0.72708714
0.4964045
0.6133078
0.71411276
0.6904095
0.7408574
0.5809769
0.67235535
0.69444734
0.61400753
0.70116305
0.73405254
0.80855477
0.7800946
0.6238747
0.8113884
0.7070757
0.5341463
0.8068743
0.8299679
0.872826
0.6130674
0.60463274
0.70775473
0.58535016
0.6448959
0.61517566
0.7340906
0.65503347
0.5563464
0.59610015
0.84095204
0.72195816
0.6047642
0.7169307
0.5838982
0.7862627
0.8213163
0.690512
0.62877786
0.6888314
0.84905505
0.76555574
0.8358879
0.7307113
0.7027175
0.62124944
0.621074
0.77815235
0.6712555
0.5701539
0.6823031
0.84577537
0.6239944
0.39196783
0.7475723
0.6234443
0.53136873
0.5223573
0.82805604
0.530427
0.71572036
0.49032968
0.80696976
0.71952015
0.51759875
0.7401968
0.4636839
0.44463584
0.83205414
0.7344107
0.7222312
0.6068293
0.7175079
0.8161801
0.5358373
0.76673
0.69043267
0.6755958
0.5901908
0.6814616
0.7345106
0.75694567
0.64884645
0.69407547
0.46342587
0.47867954
0.6158471
0.7149651
0.61869407
0.71974313
0.6362798
0.77039117
0.79143775
0.77370155
0.6249274
0.5598369
0.7126298
0.7394527
0.6622511
0.72331065
0.62374324
0.6300728
0.62782604
0.66394866
0.55537343
0.7238847
0.7507805
0.71396697
0.71631324
0.7225749
0.6117053
0.7270907
0.5960231
0.68219197
0.8469336
0.82822657
0.41238454
0.77513397
0.6846877
0.5663686
0.76701105
0.8402169
0.7981265
0.81163645
0.8361058
0.61519754
0.6227634
0.3868354
0.7185505
0.7223445
0.43013823
0.73603475
0.43334237
0.71857363
0.7513848
0.8373555
0.7842604
0.7403983
0.83274806
0.8507257
0.8667468
0.6087275
0.70717406
0.5098448
0.71966916
0.6696164
0.64576113
0.7409132
0.7668247
0.64454687
0.66934717
0.4920498
0.8577889
0.66727793
0.7525238
0.72045124
0.6009297
0.7227408
0.8027747
0.70436835
0.6279025
0.7285074
0.68051636
0.63436365
0.8088144
0.71938086
0.6812059
0.6192454
0.7388703
0.8246455
0.8665268
0.53483665
0.73638654
0.72633445
0.6318965
0.7783958
0.6679387
0.7211645
0.73328173
0.643333
0.63451725
0.47508803
0.6307634
0.6331261
0.72308743
0.7383487
0.6868437
0.5959395
0.705817
0.7682028
0.7620832
0.7433581
0.72407746
0.702888
0.7965425
0.7952949
0.6515844
0.78712267
0.6100035
0.64145386
0.75283945
0.8146883
0.6819684
0.85462415
0.80355144
0.7332305
0.55927
0.6994653
0.80980265
0.74301755
0.50462437
0.8337795
0.86326635
0.68844473
0.69740015
0.7076668
0.52382374
0.8266332
0.67104816
0.6135933
0.697515
0.7999221
0.6692343
0.6513689
0.63811135
0.8371233
0.8159014
0.64592195
0.6556372
0.6432025
0.80923975
0.7394253
0.51952535
0.7287036
0.8405466
0.5656321
0.72250473
0.7026776
0.7465278
0.7066244
0.84786475
0.49272943
0.8625345
0.8064609
0.8109516
0.8515589
0.59432817
0.5919454
0.73618317
0.65382445
0.61127776
0.69454044
0.7146733
0.61071724
0.6205698
0.5552149
0.713982
0.6091001
0.88248646
0.69251984
0.71170974
0.74115753
0.65969014
0.5605248
0.650872
0.7174881
0.55278826
0.6897481
0.61015034
0.75673467
0.8472748
0.7435607
0.6803426
0.7481983
0.5611487
0.74532753
0.8475347
0.81354904
0.44465697
0.813907
0.74407125
0.70592153
0.67568165
0.7610616
0.8251233
0.65165496
0.49577138
0.72132516
0.8537094
0.6673149
0.69164133
0.72767484
0.7072333
0.5280446
0.6710259
0.68221414
0.84037447
0.81937206
0.8544527
0.8673312
0.56452286
0.6912312
0.833656
0.52324605
0.64252156
0.56224847
0.57870775
0.84673166
0.794531
0.49511778
0.71498156
0.6614312
0.7448398
0.71538484
0.74343085
0.7959481
0.8659327
0.81365657
0.7855077
0.571545
0.86986303
0.8519598
0.8401867
0.6299602
0.7365162
0.6551778
0.7538838
0.7991084
0.71754146
0.7583747
0.85978365
0.74908376
0.72844505
0.6296023
0.8190498
0.73386544
0.6275225
0.79019684
0.7526862
0.799359
0.54300857
0.6977064
0.7524015
0.6896832
0.7375122
0.71579635
0.7559869
0.79166055
0.7550955
0.64667964
0.7274582
0.7588525
0.7444569
0.7493492
0.8478024
0.60455304
0.47582108
0.829039
0.74008954
0.7706232
0.76097894
0.476317
0.8223815
0.811104
0.8747997
0.67587376
0.69621956
0.38438594
0.8500447
0.6391115
0.81302506
0.556285
0.7828201
0.86222714
0.6736697
0.6307904
0.76149786
0.5970394
0.506459
0.70241886
0.7842925
0.8434938
0.6893379
0.66515017
0.7216482
0.7292276
0.77104294
0.7784642
0.59855354
0.69423854
0.54218125
0.8316561
0.7921042
0.74621093
0.63822496
0.75245273
0.7388154
0.7332227
0.74660707
0.7414992
0.73612595
0.78064656
0.8684296
0.82768655
0.5395809
0.82816434
0.6505065
0.8542616
0.77853143
0.65090615
0.84120834
0.7371528
0.6382109
0.7140441
0.7681749
0.6417296
0.7135907
0.6150075
0.80454385
0.5948493
0.7625022
0.7500371
0.72371113
0.84177655
0.63614595
0.7775213
0.75876594
0.74282306
0.67922664
0.64943844
0.6859952
0.542512
0.62648076
0.5999368
0.6894129
0.7639215
0.70552194
0.73159206
0.7632183
0.7499853
0.6938548
0.7249979
0.79466677
0.85935074
0.71424365
0.63739336
0.65935314
0.71314555
0.8440118
0.8154713
0.78177536
0.6837145
0.57198316
0.7304599
0.6654471
0.8503262
0.86278117
0.64396685
0.86424834
0.7662465
0.7653833
0.5534365
0.8279346
0.7333553
0.7503115
0.77066284
0.6663916
0.7253412
0.78034765
0.7672296
0.49409777
0.8234461
0.6339432
0.6685081
0.8403045
0.717337
0.5941491
0.5916059
0.72859764
0.6412258
0.73891544
0.85261416
0.7459644
0.85953057
0.76829374
0.7953431
0.75594884
0.685381
0.7721513
0.59814805
0.5462917
0.76861715
0.7254634
0.68510276
0.7830074
0.870083
0.8397099
0.768744
0.6331375
0.71326506
0.5213997
0.72463727
0.6100849
0.8000901
0.8399993
0.61517084
0.6169152
0.51119775
0.8092839
0.67344284
0.6558062
0.722602
0.75313365
0.7236546
0.48666516
0.7190168
0.648227
0.60790247
0.6790401
0.6827369
0.76041734
0.8189789
0.67889977
0.74716806
0.67333883
0.70431364
0.7331322
0.7630468
0.6314492
0.7352262
0.67845535
0.8192389
0.758
0.69955254
0.436446
0.7869258
0.8465286
0.67198956
0.6884538
0.8581817
0.5737594
0.84485424
0.6403275
0.7454888
0.7524915
0.6649245
0.7995336
0.781586
0.74606097
0.7313721
0.7349991
0.790817
0.7405044
0.405882
0.53642684
0.8417093
0.7333446
0.8673945
0.65600705
0.6789895
0.7773037
