0.2076977
0.3523844
0.36801112
0.228517
0.3329079
0.2745256
0.31821722
0.31041467
0.26232225
0.32428908
0.24247624
0.267572
0.36697376
0.23842432
0.30067897
0.3436181
0.28352922
0.26892406
0.3210774
0.3133264
0.34119684
0.23695931
0.28234768
0.24963297
0.35237432
0.361261
0.30723697
0.40236357
0.32950124
0.33777538
0.37317586
0.29004887
0.3523502
0.32348174
0.41148633
0.38669544
0.21344523
0.35491985
0.34911287
0.3368257
0.31272012
0.27551135
0.35676128
0.37360027
0.31734923
0.41422063
0.3772294
0.3659817
0.30445486
0.306027
0.3314116
0.35527956
0.404093
0.39576578
0.41380197
0.27150828
0.45184648
0.34521645
0.67553645
0.47731477
0.53956527
0.48649812
0.60418797
0.38273394
0.57154787
0.69670546
0.56526184
0.56237125
0.6277268
0.610785
0.58547306
0.5957352
0.6094
0.6772956
0.6156439
0.645526
0.5953297
0.57399213
0.5628636
0.6215943
0.59647954
0.51350415
0.62020385
0.748552
0.6303175
0.6481178
0.75838256
0.6157313
0.60360414
0.678687
0.68479204
0.70936006
0.5814742
0.6581973
0.7171298
0.6780182
0.69526756
0.67833126
0.76359355
0.7300239
0.64924526
0.67832106
0.67736065
0.71155274
0.67597854
0.6898787
0.64035195
0.7053401
0.72477096
0.6670326
0.7743429
0.74112153
0.75332975
0.68333447
0.752331
0.7824935
0.7136036
0.6916692
0.7870033
0.7439567
0.7572638
0.7015114
0.6710789
0.7228441
0.7997576
0.680264
0.7871761
0.6778662
0.72970754
0.7736348
0.7543508
0.810356
0.7995574
0.7342534
0.71914744
0.75283706
0.7224712
0.6777799
0.62106514
0.7421593
0.73712367
0.713128
0.6495645
0.7841537
0.7586324
0.8498584
0.7747688
0.78680176
0.74448884
0.7820784
0.8415778
0.74296093
0.70637476
0.7826369
0.81866574
0.7561903
0.78023446
0.8545343
0.6639962
0.83721435
0.6828724
0.7679481
0.8366914
0.73250926
0.8176024
0.82892597
0.77819204
0.7664201
0.7415067
0.78388953
0.72816575
0.8174575
0.8165142
0.7818784
0.8315102
0.8398175
0.80256927
0.6996088
0.7774628
0.8115586
0.80610335
0.842486
0.753373
0.8316131
0.84855676
0.81964976
0.8200839
0.7733912
0.8282169
0.781946
0.76086515
0.7667892
0.75481486
0.8224537
0.8489077
0.79582393
0.77221835
0.8230258
0.76532984
0.7515781
0.8330577
0.80748844
0.83776546
0.8234177
0.8446467
0.84580487
0.80561644
0.8291036
0.8497433
0.84707665
0.8391638
0.83720994
0.85974306
0.7839223
0.80375814
0.8635424
0.8551163
0.85588425
0.8506962
0.83885777
0.861925
0.81453335
0.8390615
0.8236526
0.8180438
0.8269616
0.83447456
0.86268103
0.82892984
0.8690392
0.81078714
0.86761534
0.8453406
0.8669382
0.8481979
0.89220923
0.83435833
0.8478087
0.8563608
0.84010553
0.8472624
0.85538465
0.8521295
0.8205816
0.8439506
0.8544096
0.8072766
0.81771743
0.8285161
0.85349214
0.84704816
0.8522163
0.8460704
0.8582845
0.8447584
0.90076
0.76795024
0.85443664
0.8467766
0.86856365
0.8688922
0.88864404
0.87759733
0.87070054
0.8778809
0.8367011
0.8850486
0.8505981
0.8621253
0.8639625
0.7961948
0.87327826
0.858153
0.8547981
0.8691529
0.86806685
0.8701713
0.88162124
0.88445234
0.8782364
0.8994906
0.87361705
0.8815719
0.8782862
0.88953084
0.8632005
0.84719265
0.86609674
0.8647064
0.8735887
0.83036953
0.82632625
0.8453301
0.83714956
0.89774
0.8841171
0.86954916
0.8940284
0.87653697
0.82990015
0.84142566
0.8588043
0.8473238
0.8932351
0.8627062
0.85070705
0.85660243
0.8916825
0.85894674
0.90426135
0.89894557
0.9089814
0.8482306
0.8751042
0.8549573
0.8879917
0.89454436
0.8526061
0.9184058
0.8856342
0.8972262
0.8900784
0.8920864
0.85287607
0.8656014
0.8645656
0.8688635
0.8798419
0.8505909
0.90195227
0.89349747
0.9011595
0.89650637
0.86839366
0.8628437
0.9000741
0.8963444
0.86933154
0.873168
0.89043564
0.8965623
0.88427967
0.86627257
0.8766503
0.89842355
0.89002883
0.90926385
0.86484027
0.8702967
0.8782636
0.86164534
0.9106684
0.8802786
0.86960495
0.9019742
0.8681998
0.85452616
0.92029417
0.87688303
0.9013467
0.8745202
0.86364335
0.8857126
0.8648282
0.851505
0.90191257
0.85706526
0.90864366
0.8945342
0.88657707
0.9037057
0.8157791
0.8456921
0.8074331
0.8528366
0.8785129
0.8593099
0.87173057
0.87910163
0.9142482
0.8620274
0.8363042
0.85191005
0.8416028
0.89073956
0.87978446
0.88350725
0.9008393
0.8907448
0.90539986
0.861515
0.9006437
0.87455475
0.87543905
0.89366657
0.9049565
0.8822565
0.885937
0.8429883
0.90018713
0.8822921
0.89726496
0.8931423
0.87225056
0.8499557
0.8922096
0.89753544
0.91339505
0.89350337
0.91048914
0.8896172
0.8832902
0.8556197
0.9099151
0.91961694
0.8943758
0.90885955
0.8578935
0.91979164
0.9077491
0.91500175
0.9113803
0.90521383
0.8798619
0.8900911
0.9190538
0.85578144
0.9058949
0.9257685
0.86552775
0.91716087
0.9160421
0.90186155
0.912647
0.91884995
0.8967649
0.895469
0.8873728
0.8923784
0.8907465
0.90497196
0.917179
0.89281243
0.9080018
0.89547306
0.9098215
0.8804391
0.90369254
0.919492
0.9109498
0.9046447
0.89671177
0.8964115
0.8787285
0.9008611
0.88335425
0.9296441
0.91464275
0.8656389
0.8927102
0.9139948
0.90164906
0.9294201
0.8913585
0.9023391
0.8693989
0.88010204
0.90264165
0.89678586
0.91114515
0.90622455
0.9105368
0.8827829
0.9169607
0.8919449
0.8920957
0.89256525
0.92631197
0.90230656
0.8949102
0.914825
0.88806355
0.8963246
0.9157325
0.9156048
0.90853184
0.9270102
0.92735505
0.89837646
0.92415476
0.8661692
0.9004291
0.90206885
0.8766891
0.91366464
0.9319814
0.892603
0.9064649
0.90376496
0.9114366
0.9370687
0.8912288
0.891131
0.9290291
0.90390027
0.91052586
0.90414584
0.91327155
0.8939593
0.9357916
0.90329885
0.9098084
0.90779245
0.91489685
0.9247813
0.9221701
0.91552067
0.92631435
0.8897637
0.891731
0.90557575
0.9151757
0.92612255
0.93296814
0.93679196
0.9133451
0.8940675
0.9043442
0.9276895
0.9418641
0.89122856
0.94341743
0.9038956
0.91432756
0.9154941
0.9032819
0.8916246
0.9371195
0.92651904
0.9034834
0.9390912
0.93051195
0.92496884
0.9298232
0.9149108
0.9306938
0.92123544
0.91324866
0.9268755
0.9356772
0.9117185
0.92459774
0.89890456
0.89582795
0.931749
0.9310441
0.93041086
0.9178511
0.92172134
0.93818885
0.9213196
0.89512664
0.93878376
0.9432516
0.9136683
0.90595067
0.93047893
0.9055029
0.9157501
0.9129548
0.9235943
0.9284224
0.91198057
0.9384861
0.92861813
0.9289232
0.9322598
0.92827904
0.92858046
0.9478277
0.9264289
0.9331836
0.92841023
0.9311215
0.9274119
0.9412397
0.91203344
0.9036981
0.9010078
0.89891887
0.90684974
0.928089
0.93936825
0.9294157
0.9418827
0.93562865
0.9065716
0.9394387
0.9137479
0.936567
0.9371268
0.92922604
0.92378765
0.94144416
0.939757
0.91979885
0.9266603
0.9312982
0.9264756
0.93554884
0.9229671
0.92475855
0.93202925
0.93870795
0.93210495
0.91218734
0.92235047
0.9310537
0.94204396
0.93375725
0.9341887
0.9344299
0.9194027
0.9484569
0.9322399
0.9240887
0.9253967
0.9301384
0.9196532
0.92245215
0.9251164
0.9376888
0.9007708
0.91870975
0.92018145
0.9456215
0.9271223
0.9429265
0.8949187
0.9153937
0.91314685
0.94409883
0.93905044
0.9117081
0.9160561
0.92959
0.9308796
0.9365293
0.9420103
0.9401549
0.9478576
0.92191374
0.9266734
0.94409835
0.9380624
0.9494108
0.9263824
0.918895
0.9408157
0.94678986
0.88249683
0.9276461
0.9186455
0.9106008
0.8884858
0.9388156
0.9244657
0.8807349
0.9073299
0.8497113
0.88167626
0.88527226
0.87458134
0.9061651
0.87884414
0.84378326
0.889738
0.918128
0.89754826
0.8971503
0.9154469
0.888281
0.89606696
0.9069772
0.920382
0.9335319
0.9238694
0.9321069
0.9125628
0.91097224
0.9301971
0.927633
0.93378717
0.9175081
0.9203085
0.923082
0.93182164
0.93548274
0.92971873
0.9276476
0.91497517
0.92319375
0.92721474
0.94850373
0.9186306
0.93462443
0.91863936
0.930788
0.9303254
0.9402566
0.913859
0.9150926
0.9174
0.9456347
0.9341289
0.93953365
0.9215557
0.9300949
0.89928794
0.9285505
0.94022393
0.93748575
0.9230258
0.9495395
0.953193
0.9178978
0.9415486
0.94324124
0.9391904
0.9444977
0.9416763
0.9500178
0.8963495
0.9472509
0.936332
0.9292177
0.9491738
0.94243467
0.94076794
0.9169687
0.944157
0.9293635
0.9400699
0.9453573
0.94743913
0.9355589
0.9496088
0.9364626
0.9513118
0.9421599
0.9171785
0.9433756
0.938308
0.9265104
0.9170389
0.939242
0.9439955
0.9411304
0.94349533
0.9397125
0.9224809
0.9290054
0.94060856
0.9384993
0.9300144
0.93796617
0.9370719
0.94154096
0.9310136
0.9344316
0.94550884
0.9436329
0.9314438
0.9327964
0.9494792
0.9384503
0.92527163
0.9454677
0.9145434
0.9455495
0.9273847
0.9335524
0.9475193
0.94810796
0.9275619
0.9401237
0.93848586
0.90976626
0.9488213
0.93403953
0.9364424
0.9158091
0.93296736
0.93946266
0.9313749
0.9267721
0.9597184
0.93609875
0.9310471
0.93509674
0.9339224
0.91793275
0.93681216
0.9502301
0.9306956
0.91127896
0.95039666
0.9434759
0.94830024
0.92806756
0.9443258
0.9176054
0.9385611
0.939045
0.9197265
0.9537942
0.9326201
0.9125432
0.9337665
0.93231183
0.9458121
0.9183764
0.9323336
0.9479026
0.94373894
0.9266889
0.9550421
0.95104563
0.9226502
0.9273242
0.9303904
0.9396769
0.9434698
0.93178
0.9466193
0.9218669
0.9210583
0.9471124
0.95139885
0.9451932
0.9497537
0.9411839
0.94082403
0.9229717
0.9295202
0.9538873
0.93147814
0.9422763
0.954393
0.92786944
0.94742584
0.9441073
0.94866455
0.94533247
0.93130046
0.9551338
0.9397944
0.9453459
0.92853343
0.95483434
0.950654
0.9566168
0.927507
0.94428396
0.9327502
0.95545685
0.9476369
0.9458675
0.94877183
0.92315376
0.9558922
0.9490519
0.9290148
0.91907203
0.95070124
0.9437451
0.93181384
0.9482981
0.9310951
0.940681
0.95359427
0.9409652
0.9451123
0.92619574
0.9401598
0.93207896
0.95269763
0.95906395
0.9482903
0.9515786
0.94832385
0.944846
0.94782037
0.9488915
0.9517871
0.93901217
0.94457555
0.94386995
0.95265204
0.93953764
0.96037066
0.9397371
0.9469717
0.9597157
0.95397633
0.92566013
0.937662
0.92572963
0.9446801
0.9208557
0.9329649
0.91985047
0.93920064
0.92335045
0.9421426
0.92726576
0.94543993
0.9488316
0.947698
0.9484037
0.93716383
0.93592036
0.9437638
0.939426
0.95055455
0.95152974
0.9544517
0.94362867
0.9303237
0.9497922
0.9293982
0.94327176
0.94081163
0.9422559
0.9112549
0.90851545
0.94724405
0.93134874
0.9388817
0.94903684
0.9340919
0.9361082
0.94416237
0.93796575
0.952454
0.9390972
0.9539489
0.93871903
0.9521397
0.91546065
0.9383119
0.9599738
0.9412167
0.9153084
0.9243084
0.93870354
0.93897665
0.9343922
0.94689345
0.9281366
0.9413334
0.95299685
0.9490381
0.9420472
0.94281876
0.9258884
0.94402117
0.9343389
0.9262123
0.93682826
0.9266749
0.95765543
0.9465043
0.91534674
0.94348645
0.932832
0.92526233
0.9413451
0.93267494
0.9274632
0.9339334
0.9184964
0.9364972
0.9166679
0.93730927
0.9531314
0.9213224
0.9332553
0.94800997
0.94593406
0.9532755
0.9386141
0.95461667
0.94465756
0.94153374
0.9492976
0.942543
0.93114364
0.95116305
0.9467033
0.95560056
0.9589852
0.92598885
0.9550595
0.9598799
0.94852483
0.938079
0.9539484
0.94831586
0.9553884
0.9424584
0.9327974
0.9331318
0.9484159
0.9541738
0.9472592
0.94781494
0.9563887
0.9522462
0.9328439
0.9604384
0.95429635
0.9482835
0.9475887
0.9504046
0.94817865
0.9453118
0.96097636
0.94133973
0.9409744
0.94500005
0.95144176
0.9273633
0.94410074
0.94343233
0.9389045
0.9508672
0.9588723
0.95197517
0.9531046
0.9422289
0.9564454
0.95804095
0.93874514
0.94118226
0.93922544
0.94749993
0.94425154
0.9542604
0.9527609
0.9537293
0.9523558
0.95072615
0.9471003
0.9504259
0.9451963
0.9501126
0.9553101
0.95240235
0.95890117
0.9470328
0.94568694
0.94950074
0.9503466
0.9355755
0.95198995
0.95593154
0.941847
0.95180225
0.9436176
0.95537984
0.9511287
0.9529245
0.95808876
0.9496208
0.9621253
0.945995
0.9409491
0.9491565
0.9474965
0.9605684
0.9402382
0.94745225
0.95151263
0.9554478
0.937187
0.9610512
0.9516376
0.9556698
0.9616742
0.9489943
0.9501739
0.94739
0.91973484
0.9617183
0.9578473
0.95662314
0.95268214
0.9435295
0.9487258
0.9559964
0.9589597
0.9443115
0.9508229
0.9503945
0.9491155
0.952314
0.96291256
0.9629265
0.95553076
0.9575637
0.9449215
0.95603
0.94334406
0.953418
0.93472874
0.9517511
0.9517373
0.95145845
0.9614874
0.9406898
0.9457899
0.95154464
0.94614565
0.9516504
0.94585186
0.9488305
0.95079416
0.9393964
0.9586896
0.9593134
0.9571915
0.94438493
0.9576901
0.95031625
0.9573884
0.94619095
0.9437524
0.95710224
0.95339155
0.9554825
0.9426646
0.94701934
0.9622497
0.96587706
0.9644234
0.9579079
0.9521375
0.9640781
0.9446735
0.94617844
0.95274514
0.9575577
0.9287861
0.9422348
0.96203583
0.9540332
0.9559972
0.94558823
0.93919957
0.96474725
0.9582195
0.9511421
0.94873214
0.94949293
0.95948017
0.9523115
0.957278
0.9513164
0.9490321
0.9381969
0.96528536
0.93742555
0.9294135
0.9535001
0.9637981
0.9574199
0.95850575
0.9432365
0.9481509
0.955217
0.95447075
0.9452127
0.95701516
0.94082403
0.9441957
0.9608691
0.96585274
0.9618577
0.946874
0.9532124
0.9528499
0.9604061
0.9593073
0.9401223
0.9484911
0.9538896
0.95889413
0.9520979
0.9670298
0.9486761
0.9577637
0.95795345
0.9599414
0.9570047
0.94692785
0.9620558
0.95765746
0.9450233
0.95062894
0.9497179
0.9564802
0.9506916
0.94837505
0.9577675
0.9579569
0.9549614
0.9353551
0.9438627
0.9569288
0.9610659
0.94636285
0.9623493
0.9475745
0.94657433
0.96412057
0.95772874
0.95705414
0.9432031
0.95684034
0.9475207
0.94501376
0.9420939
0.9546883
0.9530129
0.9519948
0.96424294
0.96386987
0.94494057
0.9588797
0.9535663
0.9539435
0.9516526
0.96389467
0.9574575
0.9579391
0.962163
0.9400426
0.9546044
0.9470477
0.9392452
0.9614088
0.9644118
0.9576089
0.9600859
0.948726
0.9495996
0.9635236
0.9512479
0.9512681
0.945593
0.95987916
0.9577203
0.95821196
0.9440213
0.961805
0.9495461
0.95937645
0.9598363
0.9694342
0.95515126
0.95942914
0.9523987
0.9694339
0.95618385
0.943357
0.9523183
0.9434774
0.9482294
0.9643019
0.959377
0.9572457
0.9564129
0.9556466
0.9546147
0.92699736
0.96431065
0.9586662
0.96183074
0.9594261
0.95988053
0.9644246
0.9545978
0.9587817
0.9644823
0.9554446
0.95384824
0.93213093
0.9615905
0.94845855
0.9542996
0.94165087
0.95165324
0.9566943
0.9572818
0.95194066
0.95399916
0.95125586
0.95585966
0.9598694
0.9301759
0.9645163
0.9635514
0.9661162
0.9611948
0.94974554
0.9421506
0.94457936
0.9634735
0.94252586
0.96366215
0.96106696
0.9400121
0.9490481
0.9477129
0.95033354
0.9614541
0.9629274
0.9486264
0.95602626
0.9479837
0.96141577
0.9573544
0.9537765
0.9584305
0.9408619
0.9633918
0.94899046
0.94992936
0.9605269
0.9597226
0.96695197
0.9625175
0.93518746
0.96080154
0.94401276
0.95359087
0.9478246
0.9651743
0.9583484
0.95433676
0.9606521
0.9603142
0.960376
0.9620292
0.937068
0.9557301
0.9524737
0.9617758
0.9689276
0.95635384
0.964049
0.95189244
0.958747
0.9529696
0.95197487
0.96255374
0.95790315
0.96462476
0.9405728
0.9435047
0.96075636
0.9661271
0.947947
0.95821923
0.962203
0.96781665
0.958954
0.9587836
0.95704824
0.9655088
0.952832
0.95522666
0.9579673
0.9583385
0.9540698
0.9705185
0.9610169
0.950982
0.95289814
0.96720654
0.9591399
0.94151175
0.9491092
0.9619474
0.96273065
0.962692
0.9594004
0.94672656
0.95627934
0.962886
0.9654289
0.95308137
0.9579798
0.9665904
0.9576686
0.96244776
0.9620794
0.96241164
0.9682069
0.9391513
0.94027984
0.9648182
0.9596906
0.961109
0.95202327
0.9563793
0.97021914
0.955201
0.9602046
0.9695667
0.96344376
0.94884896
0.96254915
0.9723481
0.9585718
0.9598098
0.94123805
0.9601042
0.9619911
0.96239865
0.9458769
0.96443605
0.95557094
0.96075857
0.95276594
0.9560578
0.96356595
0.95818555
0.9643705
0.95724803
0.96256113
0.96242934
0.9397756
0.95196265
0.93227506
0.9572521
0.9327185
0.9387383
0.94285095
0.9164195
0.9448321
0.8968723
0.92086846
0.91766524
0.90922415
0.90670097
0.9040114
0.9181274
0.9427477
0.9104547
0.9353334
0.9414709
0.9514147
0.9471723
0.95605695
0.92788535
0.9534522
0.9535282
0.95050824
0.95360327
0.954192
0.9589379
0.9483239
0.95279133
0.95812
0.9567484
0.95189726
0.94714653
0.95540285
0.9594766
0.95382404
0.9631023
0.96092427
0.95380247
0.945525
0.94529474
0.94762135
0.9611182
0.9618124
0.94219476
0.96351635
0.9663291
0.96280706
0.9540608
0.95672786
0.9489422
0.96393794
0.9604739
0.96061146
0.95487446
0.96866775
0.9613725
0.9452584
0.9635012
0.96813285
0.954656
0.9587514
0.962536
0.96159124
0.96071327
0.9654956
0.9642297
0.96705437
0.9561142
0.9538448
0.9594757
0.9505186
0.9553835
0.96754336
0.95454466
0.96716166
0.9589227
0.9564748
0.9506568
0.9641828
0.9656373
0.94577205
0.9572415
0.9605017
0.9577824
0.9661113
0.9579847
0.95901537
0.9592471
0.96752584
0.95520747
0.95477253
0.96522987
0.95618033
0.9632926
0.95288545
0.95997953
0.95757097
0.9628757
0.9657521
0.9644388
0.9670526
0.9636971
0.9560443
0.9654684
0.9679705
0.96148175
0.96317565
0.9643817
0.9611583
0.95216244
0.9582039
0.9675917
0.9661463
0.9584285
0.96901166
0.9637774
0.9548718
0.94248843
0.9615553
0.96703637
0.9565739
0.95434046
0.9598811
0.951306
0.94992125
0.9635174
0.96142304
0.9637778
0.96561766
0.9633214
0.9540661
0.96469533
0.92973244
0.9616461
0.96602976
0.96639514
0.96090865
0.95712566
0.95426214
0.9708771
0.9512929
0.9697045
0.95121485
0.96260643
0.94946754
0.9578295
0.96851534
0.9693109
0.95114875
0.9381685
0.95864695
0.9631633
0.9731992
0.9543705
0.95743716
0.96480644
0.9597926
0.9723173
0.95841736
0.968691
0.96048975
0.95435333
0.9642062
0.96279603
0.9607899
0.97233874
0.96193814
0.9721724
0.95641565
0.9623848
0.9725863
0.9525271
0.95712477
0.96776575
0.9652787
0.963144
0.9600396
0.9631995
0.9607306
0.9548271
0.9518564
0.9637972
0.97086346
0.95898867
0.9691279
0.9657866
0.9570185
0.9536437
0.96573716
0.96409225
0.95662755
0.952725
0.96117914
0.9473431
0.9553993
0.9641723
0.95495546
0.96167254
0.96395075
0.96403015
0.96409106
0.9603213
0.97089756
0.9625489
0.95673543
0.96662474
0.96541494
0.9628293
0.96210015
0.9612955
0.9636198
0.96180296
0.9641506
0.9594368
0.97264504
0.9683363
0.9645266
0.9610231
0.95828545
0.9656247
0.9673399
0.9565559
0.96249384
0.95377934
0.9657681
0.96623594
0.9568743
0.9482635
0.9609289
0.97204065
0.9677018
0.9705312
0.94583946
0.9587246
0.9682765
0.95427215
0.9592629
0.9577208
0.9550593
0.9585394
0.95531666
0.9670112
0.9510136
0.9595685
0.9669701
0.966773
0.9636051
0.9675311
0.96351725
0.974166
0.96935153
0.9718913
0.95920557
0.9591713
0.9665643
0.97519624
0.9623787
0.961869
0.96295905
0.9684207
0.9640429
0.9616474
0.961619
0.96582603
0.9495801
0.96950114
0.95536506
0.9624436
0.963997
0.9653152
0.96155274
0.9655534
0.9516243
0.964412
0.9501897
0.96308506
0.9517127
0.9632213
0.96572566
0.96456194
0.95796037
0.9681426
0.9594408
0.9548542
0.9554719
0.9553732
0.96430457
0.96620923
0.967705
0.9634609
0.967282
0.96645
0.9710833
0.9619832
0.9564053
0.96247315
0.9634468
0.96230245
0.95742166
0.948997
0.9646659
0.96785235
0.9697248
0.9691296
0.9677352
0.9615251
0.9557363
0.9683705
0.9533831
0.96817565
0.9586152
0.96698505
0.9611142
0.95995307
0.96958256
0.9525684
0.9678422
0.95040387
0.95839643
0.9535885
0.96641004
0.9462389
0.9678695
0.94348156
0.9686687
0.94210815
0.9681333
0.952201
0.9568853
0.9690945
0.9616355
0.9596572
0.9534974
0.9341191
0.9581643
0.94730633
0.9589598
0.9648193
0.9657754
0.9612528
0.95920277
0.9594071
0.9628583
0.95987004
0.9528357
0.96543896
0.9486792
0.9571129
0.9655596
0.96074677
0.968119
0.9601859
0.95343274
0.96868813
0.9681798
0.96879137
0.96546423
0.9642701
0.9582541
0.96958435
0.9702967
0.9666656
0.9636059
0.95829844
0.9684179
0.9595744
0.9693158
0.96210223
0.96297836
0.96947026
0.96559274
0.97366226
0.9657738
0.9520771
0.9663812
0.9655613
0.96527374
0.9673005
0.9733815
0.96407557
0.965286
0.962403
0.9605032
0.9575455
0.9669259
0.9681531
0.97416717
0.9685849
0.9598478
0.9704019
0.97038805
0.97053725
0.9607433
0.96777874
0.9628247
0.97038263
0.96542907
0.973951
0.96577334
0.9672615
0.96393925
0.9694097
0.9666436
0.97160757
0.9709846
0.9683761
0.9582739
0.96240306
0.9717064
0.96380794
0.9665834
0.94969404
0.96694106
0.9649219
0.968256
0.97040063
0.9685407
0.97408134
0.9524194
0.9743957
0.96493506
0.96456456
0.96158415
0.95853144
0.9654329
0.95449305
0.9594712
0.971934
0.9644486
0.9594145
0.957165
0.95190656
0.9668007
0.9633228
0.9716637
0.96483976
0.9540078
0.9657852
0.9653226
0.9681041
0.96963966
0.96935
0.9705689
0.97119737
0.9566597
0.9727378
0.9686692
0.96488976
0.9651791
0.95884573
0.9613859
0.9677228
0.9663762
0.97419393
0.9493946
0.9696362
0.9494729
0.970858
0.95971483
0.97289026
0.96379375
0.95286775
0.9540097
0.96265346
0.9680631
0.9642814
0.96483904
0.96279335
0.9597577
0.96229726
0.96169204
0.9573759
0.96089923
0.9644409
0.9606993
0.95268244
0.96020424
0.95665747
0.96965337
0.96390057
0.9679683
0.9627136
0.9588581
0.9658647
0.9633346
0.9623003
0.9686531
0.96589506
0.9722402
0.96820855
0.97109866
0.9633654
0.96217704
0.95941854
0.9671274
0.9556283
0.95589626
0.9755312
0.97043693
0.96108913
0.9717866
0.96698236
0.9624713
0.9695345
0.96598303
0.9706745
0.96550715
0.9682113
0.96592057
0.9612961
0.9481925
0.9710776
0.970489
0.9564432
0.9693205
0.9615501
0.96836346
0.9665159
0.9711057
0.96292746
0.97151375
0.9669307
0.9627882
0.9652213
0.9734057
0.9625708
0.9747569
0.9632011
0.9709013
0.9605037
0.96807724
0.9610821
0.95978296
0.9686241
0.9701847
0.97544765
0.9635546
0.97351575
0.9694394
0.9692626
0.9712165
0.9726063
0.95999163
0.9606992
0.9620584
0.97239363
0.96168077
0.9648036
0.9671438
0.96381724
0.9643725
0.9646271
0.9631891
0.9631893
0.9714216
0.9720512
0.96001667
0.9556046
0.97048795
0.9718636
0.96778035
0.973491
0.9616181
0.9631717
0.9657836
0.9671811
0.9677825
0.9632487
0.9649942
0.965497
0.96572644
0.97027427
0.9639438
0.963644
0.97356844
0.965142
0.9727562
0.9729542
0.96043336
0.96740174
0.96505994
0.9633546
0.9720515
0.96684694
0.97088647
0.96927893
0.96437246
0.9661562
0.97326773
0.9667851
0.97159874
0.96846807
0.9701777
0.9735134
0.9690913
0.9631199
0.97092175
0.9654356
0.96287465
0.96379733
0.9714556
0.9597467
0.96455526
0.970111
0.9708962
0.96921533
0.96326685
0.9692706
0.9708129
0.9673004
0.96854484
0.97212845
0.97344
0.97057766
0.95589733
0.96939075
0.96062565
0.96800935
0.95734066
0.97008264
0.9615098
0.9666008
0.95968604
0.967206
0.96333724
0.9606676
0.9752699
0.9534784
0.9676337
0.9724612
0.96670973
0.95860267
0.9719104
0.96899223
0.97145534
0.96757245
0.96982
0.9684669
0.9690639
0.969331
0.97350526
0.96649647
0.96803725
0.9712154
0.9686005
0.9695639
0.970701
0.9607688
0.9743164
0.9644566
0.9736201
0.972932
0.9707072
0.96960986
0.9628681
0.96877396
0.97127104
0.9727077
0.97356844
0.97712266
0.9722235
0.96779025
0.9730331
0.96828115
0.97419226
0.9718689
0.96622056
0.9690267
0.9620724
0.973467
0.97337323
0.9658151
0.9689529
0.97587615
0.9571443
0.9724878
0.9706506
0.97392976
0.9723407
0.96892005
0.96344304
0.9654835
0.97235835
0.96605086
0.9696132
0.97254205
0.96200144
0.9690409
0.973773
0.97479296
0.96345264
0.95770335
0.9652636
0.9731685
0.9738182
0.97496325
0.9574021
0.9670042
0.9726528
0.97117996
0.9727545
0.9690151
0.96353996
0.9641478
0.97154117
0.9682659
0.9600253
0.96809334
0.9713111
0.9677673
0.961213
0.9690972
0.9663857
0.97304314
0.9778114
0.9696495
0.9696125
0.9760469
0.9743786
0.9673605
0.9598774
0.9668391
0.9656547
0.96419144
0.96346146
0.97749394
0.959746
0.96120775
0.9639696
0.97466314
0.9723822
0.96161175
0.97582847
0.96456826
0.97199756
0.96494985
0.9670799
0.9555093
0.9693134
0.9639261
0.9576844
0.9601015
0.97563183
0.96749675
0.9689042
0.97078884
0.96573645
0.9669552
0.9640485
0.97578764
0.97748435
0.9753179
0.9567946
0.96435046
0.9705767
0.9766662
0.9713772
0.97150904
0.97545004
0.96511066
0.9779821
0.9632482
0.97242785
0.969666
0.9719471
0.9650391
0.9725338
0.9712324
0.9709551
0.9657588
0.97286224
0.96715325
0.972329
0.96659344
0.97557724
0.97371864
0.9721515
0.9738182
0.97637475
0.96862113
0.9586259
0.9689371
0.9698951
0.97597885
0.97160304
0.97047323
0.9693729
0.9764681
0.9669045
0.9732156
0.9743333
0.96035665
0.96849763
0.9767384
0.96166694
0.97681475
0.9765439
0.97568035
0.9745184
0.9770845
0.96620286
0.97165966
0.9692035
0.96427953
0.9707619
0.969672
0.96374834
0.9719118
0.9618642
0.9752623
0.9754677
0.96208334
0.9743514
0.9746628
0.9677366
0.9667913
0.9735641
0.97021896
0.96261096
0.9712242
0.97661054
0.96776235
0.96968263
0.97428393
0.9732631
0.9715872
0.9758995
0.97049755
0.9778859
0.9735564
0.9704244
0.97206867
0.9693779
0.9793302
0.9731064
0.96334374
0.96240914
0.97444355
0.9689003
0.9737623
0.9707782
0.96874905
0.967306
0.9574253
0.9703531
0.97875917
0.9746115
0.9698523
0.9737663
0.97353
0.96429276
0.9707911
0.97287536
0.9704219
0.9735513
0.96904683
0.96727645
0.9789101
0.9554601
0.9670647
0.96011496
0.96447223
0.966727
0.97526556
0.9723087
0.97509027
0.9753485
0.95822835
0.9745578
0.9724088
0.97197795
0.9560266
0.9710909
0.9669149
0.97218573
0.97621655
0.9671005
0.97695106
0.9568649
0.9706762
0.975144
0.9648563
0.9633106
0.9700679
0.97871375
0.9729494
0.96971834
0.97428447
0.9765068
0.9683442
0.9689992
0.9704591
0.9677387
0.95973086
0.9740622
0.9756286
0.96512383
0.9744882
0.96428967
0.9690404
0.9740622
0.97635174
0.97328806
0.9642493
0.962975
0.9635205
0.9719398
0.9741281
0.965045
0.9739342
0.96954733
0.9687066
0.9648869
0.97206604
0.9740374
0.9696293
0.9741844
0.97357655
0.9683602
0.9687636
0.9755364
0.96266407
0.9721467
0.97412765
0.967261
0.9632273
0.97359526
0.9766146
0.9762659
0.97717226
0.97493
0.958603
0.9676719
0.9750722
0.97680247
0.9728363
0.9694698
0.9691824
0.96899223
0.9729425
0.97668195
0.9730176
0.9780742
0.9615555
0.96265894
0.96707505
0.9730489
0.9728027
0.97540045
0.97160375
0.969344
0.97487175
0.96376735
0.971218
0.97391176
0.97438693
0.9713553
0.96480477
0.97360754
0.9758686
0.97495794
0.9690981
0.97278595
0.96898335
0.9601231
0.9740472
0.9702041
0.9714444
0.96568376
0.97419393
0.97245455
0.9740466
0.97534525
0.972759
0.9685464
0.97213584
0.97130543
0.9756235
0.9727818
0.9723544
0.97899735
0.96867466
0.975418
0.97434735
0.9753825
0.9768374
0.96826166
0.97532743
0.97319293
0.9769371
0.97364
0.977965
0.9766121
0.97436583
0.97347087
0.97613233
0.9775679
0.9696218
0.9724002
0.96812665
0.9628571
0.9764062
0.9765931
0.97342134
0.97296315
0.9628333
0.9714978
0.9628959
0.97391015
0.9690716
0.96170175
0.97925496
0.9737061
0.9745075
0.978926
0.97263324
0.96684724
0.97426116
0.97548366
0.9688227
0.9742903
0.9680301
0.96719205
0.9742826
0.9767343
0.9683477
0.97241855
0.9706038
0.9602394
0.9683759
0.97480726
0.9741883
0.9754286
0.95712394
0.9689707
0.97784555
0.97180796
0.9746393
0.97603047
0.97196865
0.9646256
0.97681904
0.97574323
0.96855855
0.97454387
0.9665915
0.9636572
0.9784665
0.9768404
0.9629967
0.959574
0.96853364
0.96109635
0.97773564
0.96887517
0.96265745
0.9654286
0.9666651
0.9781317
0.97156954
0.96788543
0.9717678
0.96913797
0.96794623
0.96604717
0.968835
0.9753071
0.96413255
0.96471775
0.9730622
0.9731421
0.9725334
0.9743395
0.9766973
0.9759505
0.97240716
0.9733958
0.97956955
0.97213095
0.9787216
0.9720844
0.9665384
0.97654736
0.97519785
0.96627617
0.9679917
0.97374547
0.9783995
0.9599181
0.96742547
0.97565734
0.96682143
0.9716984
0.9760591
0.9669951
0.9724657
0.96467626
0.9769782
0.97889745
0.9728655
0.9751199
0.9724792
0.97045416
0.9754248
0.9654672
0.96891594
0.97154284
0.974911
0.96034586
0.9760877
0.97225463
0.9802511
0.9713938
0.9706676
0.9734407
0.9714111
0.977367
0.96422976
0.9711388
0.9730147
0.96872914
0.97822183
0.96960986
0.9704263
0.9656522
0.9770591
0.97750497
0.9662926
0.9747788
0.9697679
0.96664363
0.9653652
0.9642223
0.9590317
0.96473444
0.972903
0.97221446
0.9609372
0.96157
0.96720886
0.9714019
0.9560559
0.9696515
0.96514386
0.9678824
0.9703139
0.97185326
0.9686246
0.9696011
0.9552338
0.9656967
0.96487975
0.9775504
0.97025347
0.96736896
0.9660398
0.9765358
0.9671532
0.967497
0.9693264
0.96143824
0.9738413
0.9635666
0.9676117
0.975796
0.97075355
0.97113717
0.97913563
0.9687995
0.97056633
0.9741124
0.977682
0.9619891
0.9629668
0.97439295
0.9752536
0.9723096
0.9754447
0.9791794
0.97776854
0.97052824
0.9536072
0.96923727
0.97668064
0.966128
0.9737717
0.96858644
0.9776362
0.968225
0.98038346
0.9671167
0.97511953
0.9686661
0.96908635
0.97490466
0.9769188
0.9688972
0.9699163
0.97123873
0.97435254
0.96793556
0.97880167
0.9688872
0.9771544
0.9715853
0.98216176
0.97176075
0.9663633
0.9763479
0.96848047
0.96617305
0.97459596
0.9707897
0.964806
0.9759086
0.98111767
0.9704254
0.95920336
0.96799856
0.97815
0.97593695
0.9747669
0.9766382
0.9734416
0.9785923
0.97161865
0.9678683
0.9740719
0.96958476
0.9722599
0.96443075
0.9735636
0.9739964
0.9751922
0.96344113
0.9704326
0.97140837
0.9776599
0.96609
0.97398376
0.9736732
0.97622126
0.97962046
0.9595848
0.9795821
0.96623135
0.97891974
0.9711905
0.97803104
0.9692476
0.9790871
0.9632755
0.97373456
0.97787327
0.9759265
0.97590864
0.9736526
0.97494704
0.97611284
0.97782785
0.9687322
0.97334635
0.9769279
0.97664
0.9679024
0.96640956
0.9735389
0.9763979
0.96937484
0.9741851
0.97792387
0.97479
0.9619744
0.9690763
0.9727527
0.97299886
0.9712973
0.9764745
0.97220254
0.9788123
0.9795028
0.9695197
0.9761276
0.97431153
0.9732999
0.97397465
0.97444284
0.9671973
0.9732734
0.9673048
0.97697544
0.9651809
0.9744742
0.97127366
0.97817796
0.98012066
0.9777248
0.96735704
0.9795048
0.960596
0.9792659
0.96492994
0.9788865
0.9766979
0.97845805
0.97073126
0.9697167
0.97588974
0.9766304
0.96439356
0.95366037
0.97170764
0.97665393
0.97524357
0.9771563
0.9753349
0.9650461
0.96931124
0.9746608
0.9735132
0.9723637
0.9667587
0.97031647
0.9745852
0.97946453
0.96763
0.9711343
0.9773442
0.9735646
0.9627937
0.97489345
0.9767673
0.9753967
0.9737695
0.97357565
0.972569
0.97703886
0.976224
0.96940815
0.96882474
0.9678809
0.9735297
0.9727614
0.9798405
0.9675828
0.9706245
0.9807255
0.9767584
0.97889525
0.9696503
0.97287667
0.9719231
0.9697416
0.9746524
0.9809419
0.9772241
0.97776204
0.9698931
0.98025006
0.961781
0.97228926
0.97535217
0.97264147
0.9762542
0.9741136
0.9784454
0.97517955
0.96603847
0.96940386
0.98104525
0.9743527
0.97560525
0.97829103
0.9735314
0.978668
0.9741672
0.970358
0.96537125
0.9722599
0.9696131
0.9740809
0.965608
0.96727335
0.9641069
0.9735253
0.9715484
0.9735352
0.96898836
0.96764183
0.96383804
0.9752134
0.9705291
0.9712019
0.97282916
0.9778795
0.97412527
0.9751649
0.97180873
0.9756073
0.96305335
0.9651133
0.97583574
0.97119796
0.9762177
0.97443426
0.9775293
0.967751
0.9803988
0.9765437
0.97919405
0.9685334
0.9769037
0.9757408
0.9786098
0.9792891
0.9622593
0.9708866
0.97727597
0.9795587
0.9761909
0.9802227
0.97990406
0.97608995
0.96572083
0.9691859
0.9771044
0.978665
0.9766887
0.97594017
0.9741597
0.974299
0.97196984
0.9744636
0.97810864
0.9711565
0.9686719
0.9700294
0.97667134
0.97185403
0.97594666
0.978916
0.9767874
0.97643894
0.9767011
0.96016026
0.96996766
0.9720646
0.97857946
0.9720949
0.9767635
0.9724044
0.97730887
0.97802114
0.98172855
0.9658641
0.97266144
0.9767446
0.97624564
0.97471416
0.9697137
0.97887623
0.97424114
0.9679147
0.97168565
0.97756684
0.9706553
0.9715174
0.97533447
0.97355074
0.97805995
0.96611214
0.9762517
0.9745889
0.9665752
0.9788905
0.97129774
0.97369707
0.981992
0.97781444
0.9700184
0.9775359
0.97221595
0.9756141
0.9666512
0.9732464
0.9720471
0.9783037
0.9716039
0.9698343
0.97701573
0.9725851
0.9696983
0.97499657
0.97448725
0.960112
0.97241235
0.9816816
0.97971654
0.97680616
0.97223467
0.9679982
0.9793078
0.9775934
0.97355616
0.9762988
0.97192454
0.97310364
0.97232306
0.9688512
0.9725022
0.9776414
0.97900593
0.9788424
0.97866744
0.9791723
0.9764809
0.97989666
0.9734779
0.97013116
0.98036635
0.9734214
0.9732341
0.97460616
0.9722798
0.9736905
0.9715967
0.9707191
0.9747269
0.96549976
0.98036015
0.9727092
0.9712781
0.9715926
0.97906744
0.97327304
0.9729531
0.97907937
0.9740902
0.9775586
0.96501195
0.97648704
0.9754504
0.98020124
0.97354364
0.9787768
0.975149
0.9718119
0.9644879
0.9716996
0.9739803
0.97993195
0.97889674
0.9794463
0.9740703
0.97194463
0.9715944
0.9726767
0.97961885
0.9813934
0.9720029
0.98209214
0.9739015
0.9796252
0.9730449
0.9792777
0.97453225
0.98151314
0.9654696
0.976233
0.97246337
0.97742033
0.9786632
0.9675774
0.97761333
0.9716028
0.9768239
0.97383523
0.9686043
0.97859097
0.9820197
0.9794353
0.9766674
0.983306
0.9693237
0.9785717
0.97199976
0.9750285
0.97750366
0.975732
0.98044795
0.9762722
0.9759228
0.9718263
0.97737885
0.9762919
0.9692062
0.97507113
0.9775882
0.98081255
0.97565705
0.98153657
0.97470194
0.9769159
0.9763153
0.9711466
0.96640265
0.9752497
0.9745723
0.9808357
0.97616464
0.97996134
0.9789529
0.9784622
0.9783842
0.9775237
0.9792309
0.97502685
0.9746276
0.9706106
0.9708953
0.96742785
0.9801502
0.9739891
0.97674555
0.97765493
0.9767616
0.9746655
0.97446907
0.9755492
0.9721128
0.9767668
0.9745641
0.9748425
0.9798476
0.970853
0.97008383
0.97889763
0.97118
0.97520196
0.9723449
0.98070645
0.97637707
0.9772043
0.97509605
0.98062694
0.9766191
0.9709803
0.97719944
0.972016
0.9761015
0.97166866
0.9738723
0.9706023
0.9679873
0.9799708
0.97554266
0.9705887
0.97226584
0.97767603
0.972198
0.969769
0.9811036
0.97364295
0.98015225
0.9807891
0.9654491
0.97393167
0.9781616
0.978119
0.9630693
0.9647151
0.97900164
0.9743154
0.9731116
0.97344226
0.97903496
0.97866106
0.9707913
0.97492754
0.97521484
0.9720415
0.974646
0.9731839
0.97715384
0.97936827
0.97727215
0.97583604
0.9705276
0.9697893
0.9730393
0.97907835
0.9832155
0.973852
0.97608256
0.9823313
0.9718117
0.9746804
0.98086864
0.9740319
0.9752685
0.9789058
0.9837359
0.98189604
0.96898586
0.978075
0.9716894
0.98069143
0.9775313
0.9684969
0.9719249
0.98043126
0.9730513
0.9823417
0.9776715
0.9756112
0.9760271
0.9785445
0.9776547
0.9763733
0.977664
0.9767922
0.98146343
0.97897995
0.97586256
0.9792392
0.9784062
0.96614355
0.97678053
0.9718813
0.98384875
0.97674656
0.972973
0.9728012
0.9653404
0.97340596
0.97305334
0.97293484
0.9768324
0.97493064
0.97976875
0.9656198
0.9755153
0.97606266
0.98060185
0.9760038
0.97994745
0.9783238
0.9783751
0.969043
0.9740224
0.9787246
0.97837746
0.9723157
0.9800347
0.9780097
0.9796742
0.97921944
0.9754553
0.97992957
0.9799695
0.9821877
0.9804354
0.9757733
0.9788554
0.9713011
0.9780717
0.9744039
0.97477984
0.98164356
0.96794176
0.97843117
0.9818416
0.9810121
0.9710132
0.9729817
0.9769527
0.9754251
0.9735154
0.98057204
0.97561467
0.97745574
0.9752302
0.9750856
0.97720385
0.9724605
0.9770444
0.9773979
0.97061884
0.9811113
0.9821273
0.9752581
0.9786897
0.97488767
0.97252244
0.9797137
0.9812722
0.9749155
0.97944176
0.97597003
0.97452104
0.97879595
0.97257334
0.97436446
0.9841206
0.96698546
0.97947353
0.9786984
0.9795324
0.9802637
0.9656593
0.9790596
0.97642094
0.9774668
0.97899055
0.97905195
0.97669494
0.9791795
0.9705375
0.9800848
0.97526276
0.9791324
0.9820998
0.9752085
0.9797622
0.9827698
0.973897
0.9755354
0.9766111
0.9800067
0.9754327
0.97988147
0.97236633
0.97864646
0.981349
0.9799017
0.97453845
0.9688611
0.9761263
0.98489964
0.9712655
0.97609335
0.9829892
0.9690087
0.9778467
0.9816793
0.97491115
0.97781444
0.979782
0.9742025
0.9814677
0.9801721
0.9784505
0.9800842
0.97151196
0.9742038
0.9752506
0.97353554
0.9756348
0.9742111
0.9844414
0.9782594
0.97162485
0.9730415
0.97885585
0.9791667
0.9681549
0.9743701
0.97883165
0.9803865
0.9781307
0.97524655
0.9815527
0.98053193
0.96979505
0.9783723
0.9763148
0.9771571
0.9775467
0.98150957
0.96958596
0.9762751
0.97995746
0.98099595
0.97532636
0.975634
0.9805082
0.975219
0.97120273
0.9715394
0.9731063
0.9805727
0.9789283
0.97816724
0.98111844
0.9745604
0.97399676
0.9751119
0.97607636
0.9647067
0.9721837
0.96390224
0.9796926
0.972048
0.9736581
0.9623536
0.9753814
0.96967745
0.9782233
0.974921
0.97774285
0.96530855
0.9681245
0.957507
0.96686006
0.97100884
0.9558177
0.954929
0.9637977
0.9628339
0.95778537
0.96514314
0.9648126
0.97052234
0.9604989
0.9688775
0.9783237
0.9709548
0.97523236
0.9708404
0.9741441
0.9600055
0.96497065
0.96380484
0.9716917
0.9606068
0.9763019
0.9749539
0.9712332
0.9694376
0.9691326
0.97806144
0.9708601
0.9669224
0.966861
0.9734794
0.9751829
0.9711372
0.9745447
0.97194576
0.9803687
0.97669214
0.97111964
0.98108256
0.97739446
0.973485
0.9784622
0.96988976
0.96607554
0.9750824
0.9797015
0.975842
0.974016
0.9768985
0.9704579
0.9791093
0.9726999
0.9823146
0.9784548
0.97113377
0.97646093
0.9822173
0.97592604
0.9780209
0.9615573
0.98179024
0.97172594
0.97191703
0.97083116
0.963486
0.9718002
0.95879716
0.9720981
0.96377355
0.97676224
0.9714955
0.97023374
0.9691886
0.9784256
0.9671474
0.97487795
0.9518002
0.9790005
0.976766
0.9780661
0.9565133
0.9630531
0.9662751
0.9650382
0.9787569
0.9777882
0.97372985
0.97918904
0.97298014
0.969539
0.9726695
0.9828403
0.9750136
0.98124355
0.9788965
0.9761863
0.9718892
0.96503204
0.96761894
0.9808977
0.9843174
0.9721818
0.97852796
0.9767065
0.984984
0.97263724
0.977221
0.9713534
0.9716697
0.9706631
0.9808046
0.97581965
0.9762176
0.97347254
0.9780103
0.9778259
0.97315073
0.97612953
0.9730212
0.96964186
0.97945917
0.98078376
0.9777448
0.9808718
0.9840975
0.97997284
0.9792999
0.9767792
0.97902465
0.97286433
0.97954524
0.9725752
0.9790373
0.97539794
0.97793883
0.97800595
0.97499794
0.9753895
0.9782987
0.9739403
0.98035437
0.96119905
0.9764393
0.9689802
0.9799054
0.9765276
0.9755031
0.97585714
0.97738105
0.97593963
0.97608477
0.9776884
0.9768957
0.9734503
0.96933657
0.9822953
0.9788078
0.96985316
0.9783496
0.9754082
0.9830526
0.97195554
0.97231406
0.9657657
0.98123837
0.9796773
0.97968024
0.97986233
0.9784764
0.97915184
0.98090106
0.9709799
0.9753438
0.98077106
0.97863483
0.9823722
0.9835235
0.9775797
0.973721
0.97347265
0.98074245
0.98193645
0.9743688
0.977362
0.9820961
0.9828008
0.9691322
0.9663286
0.97907615
0.9776702
0.9756195
0.9759873
0.9759741
0.9831954
0.9791472
0.979118
0.9763583
0.9750016
0.9768261
0.9812106
0.9701278
0.9758251
0.9800774
0.9780321
0.9786452
0.9829879
0.97363853
0.98251194
0.9823456
0.9842103
0.97927606
0.9802848
0.97379595
0.98418814
0.98414075
0.9807793
0.9726269
0.9827656
0.9766954
0.9834096
0.9812093
0.9790312
0.98028326
0.98294425
0.9826975
0.9780993
0.97794783
0.97753215
0.9766861
0.9750443
0.9763932
0.97106385
0.98504883
0.9744656
0.97691584
0.980304
0.97581995
0.97911644
0.98472226
0.98173356
0.9795501
0.97802603
0.9803101
0.97243106
0.9833945
0.97956127
0.9824985
0.973821
0.9772171
0.97977334
0.97958326
0.97585547
0.97164464
0.983405
0.9793354
0.9812815
0.9719137
0.98140097
0.9723952
0.98250973
0.9778516
0.96853274
0.9769079
0.9756914
0.9790744
0.9742167
0.9778961
0.9798082
0.971679
0.97637737
0.97858083
0.9806652
0.97165644
0.9818431
0.9804845
0.97708803
0.98170745
0.9757818
0.98193103
0.97575146
0.96989554
0.98111427
0.983698
0.9808434
0.98435223
0.9802283
0.9765175
0.98054826
0.9770944
0.9818061
0.97335446
0.97936076
0.97582793
0.973629
0.97675765
0.9812582
0.9772953
0.9771703
0.9806527
0.97835505
0.97400427
0.9753094
0.97771305
0.98381376
0.9771006
0.978281
0.9793956
0.9776563
0.9842049
0.9792057
0.97450125
0.9806047
0.9705982
0.96958584
0.9730183
0.9730972
0.9811721
0.98260224
0.97974265
0.9752572
0.9798293
0.9789362
0.9715373
0.9755461
0.97260594
0.9802029
0.97958803
0.98505497
0.98233926
0.9741835
0.97842085
0.981783
0.979182
0.97964084
0.97601426
0.9768957
0.9789556
0.97993416
0.9734483
0.98213506
0.9656665
0.973934
0.98266256
0.9825655
0.97362804
0.97938025
0.98328865
0.98454213
0.9690163
0.98085403
0.97877663
0.9818374
0.9789027
0.9822178
0.97860765
0.97606385
0.9777956
0.9796854
0.98136693
0.9778595
0.97746515
0.9805748
0.9718001
0.983361
0.9788619
0.9769913
0.9819162
0.9850154
0.9717471
0.98397225
0.9685056
0.977542
0.9743806
0.98086584
0.9776644
0.97359884
0.97216594
0.98159385
0.9787438
0.9722301
0.97468567
0.9735975
0.9732354
0.9825392
0.9785518
0.98178464
0.9772048
0.9765007
0.98094046
0.97811043
0.97522515
0.9829709
0.97078454
0.98194623
0.9750638
0.9795896
0.972715
0.97723097
0.9771184
0.9834169
0.97853374
0.97738576
0.9667566
0.97057056
0.97685075
0.97722983
0.97961897
0.9797491
0.97958994
0.9781759
0.98194027
0.978495
0.97795224
0.98212045
0.9820165
0.97761565
0.9699406
0.9817525
0.98214954
0.97896224
0.9792017
0.9794248
0.9753986
0.97438216
0.9771404
0.97699445
0.9723409
0.9833296
0.96977913
0.98147047
0.9812287
0.9804239
0.981227
0.9839485
0.9749073
0.980894
0.97803676
0.98325825
0.9802077
0.97772884
0.98057604
0.97009563
0.97946334
0.9745791
0.9839511
0.97143257
0.97978944
0.9830633
0.97945404
0.9844439
0.9806326
0.9717947
0.9738095
0.9738742
0.9783773
0.97703826
0.97557104
0.97744006
0.977336
0.9694276
0.97543645
0.97300875
0.9738028
0.9787529
0.97729194
0.9758729
0.9793725
0.9756359
0.97981226
0.9762993
0.97760135
0.97858155
0.9804861
0.9782666
0.98286355
0.982111
0.9814043
0.97381854
0.98102236
0.9788171
0.98197126
0.9770384
0.9756623
0.97004807
0.9788137
0.9763654
0.9809483
0.98003733
0.98313624
0.98159605
0.98327315
0.97944427
0.9681183
0.9801959
0.9800596
0.98428875
0.9797009
0.9765333
0.9669622
0.98167676
0.97944075
0.9779765
0.97401345
0.9760519
0.97821176
0.973958
0.97296894
0.9681611
0.9816435
0.98120576
0.9823438
0.98016536
0.9710484
0.97834647
0.9769184
0.9823664
0.9774672
0.9776482
0.97473836
0.9835678
0.97285247
0.9705523
0.97100294
0.9787075
0.98055845
0.97858256
0.98152685
0.9767826
0.97507185
0.9757437
0.9741925
0.9790524
0.9794761
0.9823264
0.9789362
0.9839256
0.9794984
0.97884476
0.9761995
0.9845163
0.9828919
0.97921896
0.9834012
0.9784622
0.97895396
0.97194767
0.9795767
0.9827046
0.9830343
0.98190594
0.9825151
0.98332053
0.98232496
0.978874
0.978187
0.97951186
0.98459566
0.9812242
0.97568643
0.9852385
0.9744973
0.972167
0.9787773
0.9770092
0.9799532
0.983451
0.9845402
0.98064697
0.96874416
0.9837768
0.98312825
0.98393327
0.98150116
0.9764224
0.9733561
0.9805701
0.97735894
0.976345
0.97686887
0.98237634
0.9730307
0.9829004
0.9791664
0.96986365
0.9774189
0.98298174
0.9772612
0.98051345
0.9854497
0.9790101
0.98473096
0.98093903
0.9824046
0.96770275
0.97413033
0.9811197
0.98488474
0.9698012
0.9842229
0.97325546
0.9837408
0.9754958
0.9792521
0.9796629
0.9838543
0.9768117
0.9809542
0.9796009
0.9812379
0.9762132
0.9737674
0.9707781
0.98556894
0.9787042
0.9801893
0.9724645
0.9796008
0.9814429
0.9830383
0.9812176
0.97929996
0.97660345
0.98444057
0.9806292
0.9775456
0.9714695
0.97410876
0.9766424
0.9783797
0.9766365
0.97777283
0.9794898
0.9807691
0.9755609
0.9759126
0.98358023
0.9821455
0.97898763
0.9813216
0.9810798
0.98361194
0.9826708
0.9745581
0.981143
0.97604775
0.97369444
0.9767864
0.9816359
0.97995234
0.9771733
0.9753803
0.9789213
0.9787947
0.9755021
0.97808343
0.9841839
0.9780686
0.9765841
0.98110974
0.97629905
0.9781782
0.9804224
0.98333967
0.9759768
0.97926795
0.9823904
0.973306
0.98328114
0.97919226
0.97515815
0.98272663
0.9815234
0.9784545
0.9755491
0.9833981
0.97762406
0.98510635
0.9819213
0.97996986
0.97059643
0.97791326
0.9793449
0.9734597
0.9795183
0.97966146
0.9752023
0.96808136
0.98381746
0.98141766
0.98675716
0.9774152
0.98446274
0.9755535
0.96998554
0.97785926
0.98093987
0.98359454
0.9774914
0.9786091
0.97815275
0.97882354
0.97839344
0.9775037
0.97607416
0.9741924
0.9849979
0.98166203
0.9783249
0.978757
0.97798324
0.98504776
0.98218834
0.9793291
0.97940075
0.9822429
0.976118
0.9758264
0.9749063
0.9699504
0.974159
0.97319686
0.9836256
0.97446454
0.97581995
0.9697186
0.98447835
0.97407746
0.9762387
0.9727955
0.9766555
0.96460855
0.9708143
0.9620977
0.9614026
0.9816259
0.96734583
0.96169037
0.9777447
0.9727862
0.9693731
0.97726154
0.97914803
0.97346985
0.97643113
0.9740949
0.975158
0.9653981
0.9765043
0.96737635
0.9758524
0.97524476
0.96859765
0.97517896
0.98233855
0.9810702
0.97084475
0.97181416
0.9809089
0.9756789
0.9772649
0.97371984
0.97618747
0.98226225
0.98133147
0.9795741
0.98126346
0.9785669
0.9826572
0.981616
0.98035765
0.98493445
0.976608
0.9751047
0.9760701
0.977419
0.98022354
0.96995914
0.9818886
0.9816007
0.97307277
0.98106
0.9703381
0.9848015
0.98322237
0.9801066
0.9805529
0.9781419
0.97585875
0.9822688
0.9809612
0.97120667
0.9833538
0.97911453
0.9734246
0.9811666
0.98075855
0.976701
0.9807185
0.98270625
0.97550535
0.9782418
0.97483987
0.9783156
0.98298645
0.98055553
0.98180294
0.97955394
0.98280936
0.9795602
0.97436225
0.98701453
0.9840356
0.9758368
0.9838939
0.9825756
0.9811678
0.9831148
0.97654545
0.98011905
0.98385954
0.9843371
0.98403215
0.9833777
0.9812474
0.98368514
0.97855234
0.9797078
0.9867667
0.98189914
0.97987664
0.98048735
0.9827275
0.98111665
0.979807
0.98302376
0.98473376
0.97687304
0.9835378
0.9807586
0.98480207
0.9850117
0.97571963
0.98247904
0.9776108
0.9842472
0.98241645
0.97812736
0.9808541
0.9838898
0.9797742
0.9804032
0.9828448
0.98356324
0.9768891
0.9782022
0.98514026
0.98037213
0.97874856
0.9852749
0.97835875
0.976427
0.9705938
0.9841936
0.98277456
0.98137295
0.9772395
0.9828521
0.9775023
0.9836862
0.98307496
0.9835304
0.98083323
0.98561746
0.9788838
0.9803499
0.9844742
0.9764962
0.98248345
0.9806301
0.9840128
0.98479337
0.98153085
0.9802534
0.9853781
0.9826211
0.9854517
0.98543304
0.98018336
0.97584224
0.98391205
0.9812354
0.9814462
0.9713487
0.9775742
0.9753655
0.98179126
0.98146164
0.98075885
0.9776453
0.9811964
0.97341275
0.9806445
0.9834645
0.9798327
0.98062104
0.9790896
0.9805246
0.98230004
0.9761834
0.9824798
0.9831096
0.98543304
0.97844166
0.9799408
0.9782448
0.98176533
0.9824604
0.9751842
0.97535133
0.97301936
0.9818818
0.98181945
0.9794015
0.97930014
0.98269606
0.9771564
0.98497945
0.981867
0.97279704
0.9799029
0.98067427
0.9855004
0.974997
0.98024046
0.980569
0.97712016
0.98313713
0.9788385
0.9752697
0.9776189
0.97459936
0.98095083
0.98066354
0.98125243
0.9798152
0.9823564
0.98052263
0.98328453
0.9826224
0.98404986
0.9803586
0.977492
0.9726844
0.9778287
0.9849847
0.9823943
0.97313094
0.97988504
0.9842423
0.9860709
0.97326076
0.98154485
0.98258924
0.9811411
0.9759184
0.9824568
0.9839707
0.97449666
0.9849274
0.9799198
0.9722712
0.97652286
0.9816364
0.9790103
0.9789327
0.9844533
0.98194456
0.97690463
0.9732386
0.9821851
0.97947603
0.985932
0.9824496
0.97827387
0.98087645
0.9779042
0.9809981
0.9735665
0.9841283
0.98495793
0.97462475
0.9825288
0.98194945
0.98331934
0.977973
0.98116696
0.98308116
0.98280346
0.9842008
0.970786
0.98077893
0.97276056
0.9781792
0.9826808
0.979645
0.98362684
0.9810271
0.97758555
0.98344326
0.98442096
0.9700072
0.9791199
0.98199177
0.9695244
0.9831886
0.9745388
0.9718019
0.97741395
0.975719
0.97470725
0.97082764
0.9743663
0.9832952
0.97459877
0.98071957
0.97562563
0.97712994
0.9770212
0.97860277
0.98091304
0.9824021
0.96993065
0.97378117
0.98115695
0.9824493
0.9823581
0.98282975
0.9764673
0.98059624
0.9738098
0.98494697
0.97875625
0.9855782
0.98433286
0.9666901
0.98000467
0.9796858
0.9825294
0.97256804
0.9804758
0.98300207
0.9782804
0.9766698
0.9860269
0.9817815
0.97748405
0.98427033
0.9833616
0.98431706
0.981632
0.9812577
0.97386885
0.983501
0.9815199
0.98098683
0.9844175
0.98089796
0.9755139
0.97966045
0.98334676
0.9837538
0.97944397
0.98571324
0.9839821
0.9798273
0.9834075
0.984728
0.98368335
0.97992563
0.96928287
0.9866825
0.97870994
0.98332685
0.9761471
0.9798826
0.97110754
0.974604
0.9816252
0.97955686
0.98331606
0.98182285
0.981059
0.9806956
0.97678447
0.983862
0.98184204
0.9779737
0.9834689
0.97745323
0.9784831
0.9822574
0.9843645
0.98222303
0.9791541
0.9864056
0.97990227
0.9852963
0.98389685
0.98256886
0.97673213
0.9791274
0.98343796
0.97967947
0.98494166
0.9814062
0.98639256
0.9854324
0.97790873
0.98476654
0.98010767
0.98628885
0.9784325
0.9807663
0.9848035
0.9813585
0.98610234
0.98211217
0.9803471
0.9810847
0.98020875
0.98406446
0.9825711
0.98438597
0.98489624
0.9798224
0.9739089
0.97903615
0.9823692
0.98167896
0.9815602
0.9854361
0.978046
0.9832463
0.98206085
0.97611606
0.9829479
0.9718776
0.9811915
0.97576445
0.98330235
0.9794355
0.9826211
0.9860741
0.98310924
0.98274076
0.97957295
0.9798409
0.98260486
0.9798068
0.9834156
0.98293746
0.980913
0.9822569
0.9865508
0.9844271
0.9766037
0.9779356
0.97147864
0.976128
0.9848883
0.983196
0.980457
0.9817549
0.98410285
0.97899795
0.9811306
0.98058605
0.9848887
0.9858899
0.9846806
0.9814887
0.9854039
0.9805515
0.9833559
0.9807391
0.9773027
0.98435843
0.9802512
0.98451245
0.9772558
0.98220074
0.97219545
0.9823827
0.9820623
0.9821824
0.97523385
0.98631424
0.9852559
0.9863721
0.9827547
0.9841586
0.9846552
0.9842385
0.978966
0.98525965
0.98491573
0.98435616
0.9789658
0.9807674
0.98384726
0.98431516
0.9846271
0.98371154
0.984692
0.98218757
0.9742017
0.98483795
0.98663247
0.97925913
0.9797825
0.98440385
0.9816992
0.98053503
0.9777575
0.986022
0.9754503
0.9812299
0.9826534
0.9865393
0.9791883
0.9836966
0.9783832
0.9829043
0.97942317
0.97836924
0.9848427
0.9833997
0.97898245
0.9833529
0.97989345
0.97758603
0.98093635
0.98069596
0.9751154
0.9799256
0.97757626
0.9742554
0.9805354
0.9832839
0.9769266
0.98049355
0.97594917
0.9799721
0.9795295
0.9804199
0.97707725
0.9851785
0.9760989
0.98247916
0.9796058
0.97426635
0.97607696
0.9856684
0.9832539
0.9750806
0.98375976
0.9806421
0.9804071
0.9814246
0.97576874
0.97895616
0.9840404
0.98049766
0.98438805
0.9779026
0.9791648
0.9816004
0.9868817
0.97974414
0.9844469
0.9802481
0.9832878
0.97826016
0.98421264
0.9767804
0.9820068
0.98106563
0.97892785
0.98309726
0.97785467
0.97829574
0.9835521
0.98650515
0.98741364
0.98475903
0.97841537
0.98510927
0.9789306
0.9765323
0.9869841
0.97800684
0.9846802
0.98121905
0.98372304
0.9859046
0.98506296
0.9869021
0.97859645
0.982251
0.98195267
0.9768324
0.98198676
0.98499036
0.9874015
0.9824918
0.98499703
0.98538613
0.9810083
0.9821736
0.9817686
0.9827677
0.9733546
0.9823849
0.9766497
0.98366416
0.9870212
0.9862436
0.98363245
0.9849831
0.98369485
0.981169
0.96659684
0.9794173
0.98474646
0.98345345
0.9744774
0.98211634
0.98633456
0.97676194
0.9824599
0.9838939
0.9837711
0.98182726
0.98137414
0.98392344
0.9855036
0.98165303
0.9845748
0.9796063
0.9770479
0.9808903
0.974674
0.9746484
0.9808805
0.98283553
0.9830067
0.9812472
0.97328407
0.9795056
0.97769266
0.9834337
0.9802817
0.9862723
0.98228157
0.98017323
0.9799259
0.97909194
0.97735846
0.98072165
0.98044896
0.982737
0.97416043
0.97516674
0.9832941
0.9751359
0.97231483
0.9797628
0.97729087
0.9754456
0.9739779
0.9766616
0.9757158
0.9769553
0.9830873
0.981038
0.98464096
0.9703374
0.98030114
0.97304904
0.9792999
0.98073447
0.9813918
0.9835881
0.98498356
0.9855536
0.98216665
0.98544556
0.98485994
0.9847885
0.9835532
0.97927654
0.9854896
0.97956496
0.9820689
0.9803803
0.976302
0.9847315
0.9827068
0.981854
0.983268
0.9705623
0.98377115
0.9690686
0.9757233
0.98589313
0.9606302
0.97650874
0.9683715
0.979035
0.9670888
0.97720337
0.96407753
0.9741793
0.9776288
0.9729022
0.9776163
0.96652365
0.97459173
0.9673495
0.9738088
0.97208613
0.9764246
0.9822014
0.9735291
0.97454196
0.97532356
0.9802433
0.9753412
0.98005986
0.9818302
0.97206986
0.9760422
0.97637236
0.9671687
0.97365296
0.9749725
0.95955884
0.97496897
0.9624408
0.979751
0.9679386
0.96422476
0.9685223
0.95964813
0.9752543
0.97072953
0.9551276
0.97107685
0.969669
0.964478
0.9632
0.970746
0.96912754
0.97523403
0.9666233
0.9606117
0.96545744
0.9702529
0.979538
0.9710729
0.97717416
0.9812337
0.9805185
0.9806423
0.97651434
0.9792501
0.9823824
0.9770189
0.97100484
0.9766377
0.9705712
0.98557466
0.9798356
0.9772201
0.9842168
0.9830836
0.9860464
0.9816494
0.9769318
0.97850597
0.9808282
0.9791953
0.9794698
0.9794563
0.9796787
0.9738209
0.98387444
0.9774311
0.9836312
0.9824927
0.9843225
0.9817456
0.9747639
0.97605294
0.98051775
0.98510057
0.9807971
0.97753716
0.98358476
0.98359823
0.98137707
0.982322
0.9839585
0.97840524
0.98411244
0.9845028
0.98523414
0.9827816
0.9859575
0.9825189
0.9817302
0.9846306
0.9815023
0.98310375
0.97979164
0.9765632
0.98192537
0.97819895
0.98239684
0.9753338
0.97822285
0.98246104
0.9805286
0.9809314
0.98130167
0.983423
0.9850458
0.97942585
0.9723102
0.97867167
0.9840185
0.9851334
0.9810364
0.9844815
0.98391616
0.979187
0.97609127
0.9822748
0.9786347
0.9750385
0.97969496
0.9735003
0.9811478
0.9870601
0.97888356
0.9783834
0.977192
0.9816985
0.98657274
0.98394847
0.97606635
0.9769089
0.98242
0.9800166
0.9818434
0.9835715
0.98452836
0.98620653
0.9818443
0.98394716
0.9799684
0.9814124
0.98252904
0.98359734
0.9823633
0.97783625
0.98039114
0.98364675
0.98118794
0.98050994
0.98642653
0.97717243
0.9833592
0.98661757
0.9884623
0.988742
0.9850178
0.98271734
0.9841883
0.98313856
0.98454696
0.9716233
0.98508286
0.9836813
0.98576766
0.97396183
0.9832945
0.9805279
0.9854022
0.9845133
0.9849629
0.98441184
0.97526085
0.9818672
0.98233795
0.9839978
0.97584295
0.98096424
0.98080426
0.98562795
0.98180944
0.9810017
0.97872365
0.98546946
0.98337555
0.9739368
0.97967815
0.9840263
0.9835081
0.9810823
0.9785261
0.9810988
0.98307014
0.9838321
0.98505723
0.98128176
0.98596096
0.98062
0.9841785
0.9813229
0.979347
0.9864938
0.98105407
0.9712866
0.98551744
0.9837462
0.98747694
0.97874653
0.983953
